1
140 105.0 116.0 0.0 1375.915283203125 1
5 1 0.0 1375.915283203125 1.0E9 1.0E9 29
28 0 105.0 116.0 1
7 0 88.0 171.0 1
5 0 148.0 0.0 1
2 0 0.0 0.0 1
1 0 0.0 0.0 1
4 0 0.0 148.0 1
23 0 42.0 182.0 1
22 0 67.0 204.0 1
11 0 134.0 217.0 1
12 0 95.0 232.0 1
3 0 107.0 241.0 1
8 0 127.0 259.0 1
15 0 101.0 280.0 1
26 0 146.0 292.0 1
14 0 180.0 312.0 1
10 0 183.0 317.0 1
29 0 191.0 337.0 1
18 0 176.0 349.0 1
21 0 182.0 355.0 1
20 0 199.0 356.0 1
6 0 137.0 374.0 1
17 0 175.0 412.0 1
16 0 234.0 391.0 1
27 0 251.0 424.0 1
25 0 271.0 417.0 1
19 0 265.0 422.0 1
24 0 278.0 435.0 1
13 0 254.0 491.0 1
9 0 336.0 509.0 1
